 0.0729894  -0.941612  -0.328692    1127.52
  0.994553  0.0441303  0.0944293        450
-0.0744105  -0.333794   0.939705    338.685

 0.103769 -0.966354 -0.235356   862.695
 0.993421 0.0891759 0.0718536       450
-0.048448 -0.241263   0.96925   187.505

 0.105433 -0.967586  -0.22948   844.646
 0.993336 0.0916736 0.0698473       450
-0.046546 -0.235315  0.970804   179.038

 0.0911665  -0.970127  -0.224817     846.63
  0.995111  0.0801394  0.0577155        450
-0.0379746   -0.22898    0.97269     168.24

 0.0789151  -0.977946  -0.193378    860.189
  0.995528  0.0672082  0.0663792        450
-0.0519187  -0.197751   0.978876    143.187

 0.0782273  -0.975458  -0.205821    853.496
  0.994828  0.0629627  0.0797064        450
-0.0647912  -0.210992   0.975338    154.188

  0.112592   -0.96924  -0.218855    839.432
  0.992028  0.0971031   0.080318        450
-0.0565958  -0.226154   0.972446    180.531

 0.0937518  -0.974478  -0.203968    837.078
  0.993681  0.0788872  0.0798435        450
-0.0617153  -0.210165   0.975716    184.887

 0.0850075  -0.981164  -0.173468    836.609
  0.994893  0.0740747  0.0685657        450
-0.0544246  -0.178411    0.98245    155.614

 0.0745099  -0.982101   -0.17299    833.495
  0.995766  0.0639077  0.0660768        450
-0.0538387  -0.177181   0.982705    144.215

 0.0504258  -0.979177  -0.196645    828.966
  0.997224  0.0385618   0.063703        450
-0.0547935  -0.199311   0.978403    130.275

 0.0274367  -0.972798  -0.230026    821.374
  0.997377  0.0112205  0.0715111        450
-0.0669848  -0.231384   0.970554    119.928

   0.0209172    -0.959786    -0.279954      810.307
     0.99708 -0.000542502    0.0763583          450
  -0.0734394    -0.280734     0.956972       120.52
  
-0.00713966   -0.946928   -0.321366     814.181
   0.996557  -0.0332845   0.0759353         450
 -0.0826018   -0.319717    0.943906     118.821
 
 0.184159 -0.939303  0.289475   805.862
 0.964848   0.22894  0.129056       450
-0.187495  0.255532  0.948446  -329.431

 0.180686 -0.947321  0.264454   802.354
 0.965394  0.222232  0.136478       450
-0.188059  0.230643  0.954692  -324.717

 0.142916 -0.909873 -0.389495   788.166
 0.953742 0.0214441   0.29986       450
-0.264482 -0.414332  0.870849   113.025

 0.145495 -0.920673 -0.362204    831.14
 0.933419 0.0063801  0.358731       450
-0.327963 -0.390282  0.860302   112.686

-0.0436057  -0.944582   0.325367    827.375
  0.870409   0.123943   0.476474        450
 -0.490395   0.303979   0.816768   -414.951
 
-0.0939452  -0.922519   0.374344    811.766
  0.789634   0.159959   0.592361        450
 -0.606344   0.351244   0.713424   -462.184
 
-0.181119 -0.927395  0.327314   803.656
 0.620766  0.150333  0.769448       450
-0.762788  0.342547  0.548467  -447.255

-0.190073 -0.915442  0.354736   784.556
 0.435541  0.245197  0.866131       450
-0.879873   0.31913  0.352108  -435.961

 -0.23287 -0.932991  0.274406   799.015
 0.273399  0.207978  0.939148       450
-0.933287  0.293722  0.206647  -398.732

-0.218787 -0.932672  0.286801   806.671
 0.124529  0.264831   0.95622       450
-0.967794  0.244924 0.0582033  -365.007

-0.220158 -0.933444  0.283218   811.056
0.0962123  0.268147  0.958562       450
-0.970708  0.238284 0.0307743  -357.524

-0.144673 -0.922208  0.358611   797.577
 0.402868  0.276125  0.872612       450
-0.903752  0.270716   0.33158  -344.697

-0.123653 -0.918411  0.375808   791.883
 0.483626  0.274917  0.830979       450
-0.866496  0.284504  0.410174  -346.413

-0.0320496  -0.918387   0.394384    807.768
  0.715675   0.254357    0.65047        450
 -0.697698   0.303098   0.649114   -336.572
 
 0.160349 -0.894783 -0.416716   785.192
 0.789385  -0.13721  0.598369       450
-0.592588 -0.424897  0.684326   165.098

-0.0593138  -0.930708   0.360921    793.887
  0.805336   0.169024   0.568212        450
 -0.589844   0.324366   0.739507   -375.544
 
0.0708117 -0.944519 -0.320733   800.542
  0.94317  -0.04126  0.329739       450
-0.324678 -0.325855   0.88792   118.197

-0.0387478  -0.952255  -0.302836    803.092
  0.992751 -0.0711927  0.0968403        450
 -0.113776  -0.296888    0.94811    122.222
 
 0.0958981  -0.917462  -0.386093    779.855
  0.995346  0.0920718  0.0284375        450
0.00945793  -0.387023   0.922022    173.823

   0.128194   -0.908536   -0.397655      776.93
   0.991749    0.117585   0.0510648         450
0.000364084    -0.40092    0.916113     176.628

  0.130366  -0.897037   -0.42229    760.246
   0.99116   0.107327  0.0779965        450
-0.0246427  -0.428725   0.903099    184.377

  0.106487  -0.886843  -0.449633    725.174
  0.992742  0.0694039  0.0982207        450
-0.0559001  -0.456828   0.887797    173.473

  0.135705  -0.857425  -0.496393    727.051
  0.987869  0.0789288   0.133732        450
-0.0754853   -0.50852   0.857735    214.365

  0.151704  -0.845126  -0.512589    738.183
  0.986201  0.0946404   0.135836        450
-0.0662866  -0.526123   0.847821    240.426

-0.00963969   -0.832801    0.553488     732.916
   0.991963   0.0618706    0.110369         450
   -0.12616    0.550104    0.825512    -529.197
   
0.00796641  -0.818038   0.575109    725.495
  0.986999  0.0987597   0.126804        450
 -0.160528   0.566622   0.808189   -553.502
 
0.0218725  -0.80598  0.591539   720.203
 0.984491  0.120378  0.127615       450
-0.174064  0.579574  0.796113  -569.609

0.0176172 -0.838177  0.545114    743.61
 0.984913   0.10842  0.134878       450
-0.172153  0.534514  0.827441  -533.235

  0.118162  -0.824661  -0.553147    741.046
  0.989119   0.048582   0.138864        450
-0.0876424  -0.563537   0.821428    266.742

  0.0614308   -0.873154   -0.483559     764.144
   0.990603 -0.00597828     0.13664         450
  -0.122199   -0.487409    0.864581     209.935
  
 0.0522951  -0.908802  -0.413937    780.302
  0.992717 0.00226289   0.120447        450
 -0.108526  -0.417222   0.902302    163.035
 
 0.0161457  -0.935987  -0.351664    791.801
  0.994496 -0.0213812   0.102568        450
 -0.103521  -0.351385    0.93049    122.063
 
-0.0279876  -0.945923  -0.323183    792.526
  0.993067 -0.0632368  0.0990881        450
 -0.114167  -0.318169   0.941135    106.335
 
-0.0253131  -0.943955  -0.329103     784.01
  0.994277 -0.0579532  0.0897497        450
 -0.103792  -0.324948   0.940019    114.363
 
-0.0535347  -0.935407  -0.349498    767.163
   0.99306  -0.086575   0.079599        450
 -0.104715  -0.342811    0.93355    125.713
 
-0.0294209   -0.93874  -0.343367    781.426
  0.993477 -0.0653236  0.0934652        450
  -0.11017  -0.338378   0.934539    103.633
  
-0.0107804  -0.901756  -0.432112    767.825
  0.994412 -0.0550508  0.0900744        450
 -0.105013  -0.428726    0.89731    151.084
 
 0.0492349  -0.873952  -0.483512    754.248
  0.996245 0.00845617  0.0861608        450
-0.0712118  -0.485939   0.871087    187.101

 0.054782  -0.88124  0.469484   746.727
 0.991018  0.105433 0.0822645       450
-0.121994   0.46076    0.8791  -476.743

0.0357672 -0.855763  0.516131   732.436
 0.992048 0.0927641 0.0850584       450
-0.120668  0.508984  0.852276  -513.401

0.0466094 -0.834944  0.548358   721.544
   0.9885   0.11761 0.0950552       450
-0.143858  0.537621  0.830824  -539.828

0.0473786 -0.815636  0.576622    709.71
 0.987367  0.125624 0.0965681       450
-0.151202  0.564762  0.811284    -560.3

 0.035345 -0.805041  0.592165   702.443
 0.988181  0.116591  0.099522       450
 -0.14916  0.581648  0.799648  -574.548
 
0.0422136 -0.834061  0.550055   721.923
 0.986049  0.123504  0.111598       450
-0.161014   0.53767  0.827639  -536.832

-0.0160432  -0.880522   0.473734    754.573
  0.982499  0.0740531   0.170914        450
 -0.185575   0.468186   0.863924   -494.011
 
 -0.119122  -0.909786   0.397617    780.006
  0.971582 -0.0243118    0.23545        450
 -0.204542   0.414365   0.886828   -467.059
 
 -0.182295  -0.899984   0.395976    765.276
  0.958308 -0.0725051   0.276385        450
 -0.220032   0.429851   0.875679   -486.178
 
 -0.151309  -0.886919   0.436441    756.037
  0.962979 -0.0326024   0.267599        450
  -0.22311   0.460774   0.859017   -507.513
  
-0.0592903  -0.880989   0.469406    758.745
  0.978403  0.0419948   0.202398        450
 -0.198023   0.471269   0.859472   -501.167
 
0.0126354 -0.875561  0.482942   755.623
   0.9842 0.0961942  0.148648       450
-0.176606  0.473433  0.862943  -495.774

0.0927754 -0.864526  0.493951   749.044
 0.981042  0.164143  0.103025       450
-0.170146  0.475029  0.863364  -493.675

 0.150449 -0.850186  0.504528   744.003
 0.974384  0.213808 0.0697309       450
-0.167157  0.481113  0.860575  -499.042

 0.177376 -0.847269  0.500672   746.539
 0.969954  0.236582  0.056729       450
-0.166515  0.475566  0.863776  -493.989

 0.139355 -0.859965  0.490958   748.403
  0.97473   0.20654 0.0851074       450
-0.174592  0.466691  0.867016  -486.316

0.0890203 -0.871738  0.481817   749.487
 0.971178  0.183352    0.1523       450
-0.221108  0.454373  0.862935  -482.525

0.00904003  -0.887587   0.460551    752.057
  0.969471   0.120642   0.213476        450
 -0.245041    0.44456   0.861581   -485.183
 
-0.0267024  -0.893325   0.448617    749.187
  0.968646  0.0877681   0.232427        450
 -0.247007   0.440757   0.862972   -485.733
 
-0.0160164  -0.902934   0.429481    756.122
  0.964639  0.0990669    0.24425        450
 -0.263089   0.418206   0.869418   -469.461
 
0.00945703  -0.914874   0.403629     759.26
  0.958973   0.122672   0.255582        450
 -0.283339   0.384652     0.8785   -445.225
 
  0.0686322   -0.970108   -0.232768     1107.14
   0.997626   0.0654079   0.0215521         450
-0.00568299   -0.233694    0.972294     200.295
  0.064848  -0.969842  -0.234949     1105.6
  0.997876  0.0615542  0.0213341        450
-0.0062286  -0.235834   0.971773    202.114
  0.0660162   -0.970474   -0.231997     1107.09
   0.997799   0.0627602    0.021396         450
-0.00620408   -0.232899    0.972481     199.386
 0.0632764  -0.970321  -0.233396    1106.04
  0.997975  0.0599934   0.021146        450
-0.0065162  -0.234262   0.972152    200.572
  0.0697122    -0.96944   -0.235217     1106.16
   0.997555   0.0665723   0.0212733         450
-0.00496429   -0.236125     0.97171     202.721
  0.0559059   -0.968482   -0.242727     1102.01
   0.998413   0.0525609   0.0202403         450
-0.00684438   -0.243474    0.969883     209.083
  0.0548831   -0.968262   -0.243836     1101.89
   0.998469   0.0515378   0.0200831         450
-0.00687897   -0.244565    0.969609     210.331
  0.039204  -0.969918  -0.240256    1100.23
   0.99917  0.0353996  0.0201318        450
-0.0110212  -0.240846   0.970501    205.836
 0.0353372  -0.969243  -0.243556    1098.19
  0.999307  0.0314175  0.0199604        450
-0.0116945  -0.244093   0.969681    208.718
 0.0398988  -0.969282  -0.242694    1099.12
  0.999146  0.0360871  0.0201332        450
-0.0107566   -0.24329   0.969894    208.138
  0.0569299   -0.970122   -0.235843     1104.24
    0.99835   0.0535333   0.0207856         450
-0.00753918   -0.236637    0.971569     202.574
 0.0381749  -0.969496  -0.242117    1099.21
  0.999208  0.0343208  0.0201175        450
-0.0111942  -0.242693   0.970039    207.516
 0.0372483  -0.969083  -0.243906    1098.34
  0.999243  0.0333773  0.0199863        450
-0.0112274  -0.244466   0.969593    209.178
 0.0375571  -0.969362   -0.24275    1098.87
  0.999231  0.0336987  0.0200288        450
-0.0112348  -0.243316   0.969882    208.091
 0.0417945  -0.969112  -0.243053    1099.21
  0.999073  0.0380169  0.0202144        450
-0.0103499  -0.243672   0.969802    208.563
 0.0406531  -0.969442  -0.241928    1099.69
  0.999116  0.0368442  0.0202491        450
-0.0107167  -0.242538   0.970083    207.476
 0.0434413  -0.970263  -0.238125    1101.77
  0.999003  0.0397398  0.0203251        450
-0.0102576   -0.23877   0.971022    204.055
  0.020966  -0.968803  -0.246944     1094.4
  0.999672  0.0166784  0.0194417        450
-0.0147165  -0.247271   0.968835    210.996
  0.0563001   -0.968178   -0.243849     1102.11
   0.998392   0.0529784   0.0201644         450
-0.00660398   -0.244592    0.969604     210.436
 0.0251125  -0.969585  -0.243463    1096.61
  0.999589  0.0209827  0.0195416        450
-0.0138387  -0.243854   0.969713    208.005
0.0460671 -0.969643 -0.240145   1101.85
 0.998894 0.0424546 0.0201974       450
-0.009389  -0.24081  0.970527    206.26
  0.0578771   -0.968323   -0.242901      1102.4
   0.998304   0.0546147   0.0201494         450
-0.00624517   -0.243655    0.969842     209.559
  0.0532688   -0.968409   -0.243612     1101.62
   0.998554   0.0498769   0.0200748         450
-0.00728997   -0.244329    0.969665      210.01
  0.0598377   -0.968567    -0.24145     1103.42
   0.998187   0.0564884   0.0207761         450
-0.00648389   -0.242256    0.970191     208.395
  0.088937  -0.966945  -0.238973    1105.98
  0.995839   0.081531    0.04072        450
-0.0198903    -0.2416   0.970172    209.458
0.0896083  -0.96467 -0.247754   1102.63
 0.978697 0.0391492  0.201544       450
-0.184724 -0.260536  0.947628   211.749
 0.156343 -0.965304 -0.209155   1122.53
 0.943613 0.0834144   0.32037       450
-0.291808 -0.247449  0.923914   196.585
 0.181582 -0.968701 -0.169252   1138.29
 0.902869 0.0960244  0.419054       450
-0.389686 -0.228905  0.892047   175.636
 0.185628 -0.968707 -0.164771   1139.64
 0.881451 0.0900499  0.463611       450
-0.434265 -0.231297  0.870583   175.538
 0.199781 -0.968576  -0.14815   1144.22
 0.851264 0.0966966  0.515751       450
-0.485219 -0.229153  0.843832   170.543
 0.202002 -0.968881 -0.143052   1145.84
 0.834689  0.093903  0.542657       450
-0.512337 -0.229022  0.827683   168.296
 0.222681 -0.968072 -0.115109   1156.35
 0.836808  0.129226  0.532027       450
-0.500166 -0.214796  0.838866   156.522
 0.197769 -0.969085 -0.147517   1146.07
 0.865764  0.102106  0.489926       450
-0.459717 -0.224607  0.859192   167.988
 0.179121 -0.966974 -0.181318   1132.17
 0.899987 0.0866031  0.427227       450
-0.397415 -0.239709  0.885777   185.057
 0.169793 -0.967262 -0.188612   1130.58
 0.927531 0.0921915  0.362198       450
-0.332952 -0.236442  0.912819    184.74
 0.110882  -0.96776 -0.226154   1112.07
 0.966949 0.0524822  0.249509       450
-0.229596 -0.246346  0.941594   200.663
0.0727955 -0.965119 -0.251486   1093.43
 0.989131 0.0375646  0.142155       450
 -0.12775 -0.259101  0.957364   230.516
 0.0735951   -0.96396  -0.255664    1089.94
  0.996752  0.0626893  0.0505588        450
-0.0327093  -0.258555   0.965443    242.772
 0.0147566  -0.965119  -0.261394    1080.93
  0.998776  0.0265711 -0.0417215        450
 0.0472117  -0.260458    0.96433    245.698
 0.0855428  -0.975157  -0.204334    1085.46
  0.994359  0.0964673 -0.0440967        450
 0.0627127  -0.199409   0.977908      212.4
  0.107472   -0.97613  -0.188732     1086.5
  0.993133    0.11423 -0.0252703        450
  0.046226   -0.18472   0.981703    201.936
   0.0757913     -0.98047     -0.18148      1078.01
    0.997016    0.0771893 -0.000642395          450
   0.0146381     -0.18089     0.983394      187.695
  0.0830626   -0.977187   -0.195464     1069.63
   0.996333    0.085475 -0.00392447         450
  0.0205422   -0.194421    0.980703     211.281
 0.0726161  -0.955049  -0.287417    1039.66
  0.996589  0.0808107 -0.0167344        450
 0.0392086  -0.285222   0.957659    273.732
  0.0559245   -0.973022   -0.223832     1077.12
   0.998364    0.057179 0.000878124         450
   0.011944   -0.223515    0.974627     181.482
 0.0700168  -0.960939  -0.267756     1060.9
  0.997485  0.0704096 0.00814689        450
 0.0110239  -0.267653   0.963452    233.479
0.0809571 -0.939364  -0.33323   1031.62
 0.996585 0.0817444 0.0116824       450
0.0162657 -0.333037  0.942773   308.203
0.0704046  -0.92155 -0.381824   1000.97
 0.997366 0.0717214 0.0108015       450
0.0174308 -0.381578  0.924172   358.473
0.0970511 -0.914702 -0.392304   993.453
 0.994864  0.100549 0.0116761       450
0.0287656 -0.391422  0.919762    369.92
   0.0714303    -0.917944    -0.390225      992.362
    0.996986    0.0775832 -5.31487e-06          450
   0.0302798    -0.389049     0.920719      366.771
-0.0193518  -0.988522  -0.149829    992.934
  0.918763  0.0415229   -0.39262        450
  0.394335  -0.145255   0.907414    120.589
-0.0128605   -0.98054  -0.195898    966.576
  0.997081 0.00217034 -0.0763206        450
 0.0752606  -0.196308    0.97765    110.767
-0.00693007   -0.977525   -0.210704     961.665
   0.999952 -0.00824084  0.00534353         450
-0.00695981   -0.210657    0.977535     109.958
 0.107678 -0.969185 -0.221555   955.874
 0.970756 0.0544011  0.233824       450
-0.214566 -0.240253  0.946699   131.085
0.0236325 -0.935003  0.353852   818.676
 0.739555  0.254514  0.623122       450
-0.672681  0.246967  0.697501  -346.108
0.0313882 -0.927561 -0.372351   736.422
 0.991561 -0.017985  0.128388       450
-0.125785 -0.373238  0.919169   85.4463
  -0.05884  -0.917204  -0.394048    701.195
  0.997202 -0.0722369  0.0192377        450
-0.0461097  -0.391814   0.918888    79.9766
-0.0743934  -0.915255  -0.395946    689.376
  0.996015 -0.0877822  0.0157755        450
-0.0491957  -0.393194   0.918138    82.1983
-0.0598002  -0.938302  -0.340608    691.179
  0.996571 -0.0756658  0.0334759        450
-0.0571828  -0.337438   0.939609    92.9435
-0.0575108  -0.921789  -0.383402    667.158
  0.956827  -0.160491   0.242333        450
 -0.284913  -0.352913   0.891222    137.696
0.0768382 -0.982967  0.166946   700.085
 0.968314  0.113476  0.222468       450
-0.237623  0.144562   0.96054   -269.22
0.0807626 -0.975939  0.202535   692.628
 0.969122  0.124384  0.212911       450
 -0.23298  0.179086   0.95585  -297.453
 0.114498 -0.913592   0.39018   655.033
 0.975833  0.177017  0.128119       450
-0.186117  0.366081  0.911781  -388.168
 0.086468 -0.882768  0.461783   632.625
 0.972967  0.174461  0.151322       450
-0.214145  0.436216   0.87399  -416.855
0.0977416 -0.838912  0.535419   607.611
 0.974826  0.189038  0.118235       450
-0.200403  0.510384  0.836269  -441.573
  0.10633 -0.834363  0.540863    619.92
 0.969467  0.207874  0.130086       450
 -0.22097  0.510517   0.83099  -415.287
 0.100482 -0.849482  0.517961   651.986
 0.968945  0.201773  0.142947       450
-0.225941  0.487512  0.843376  -366.921
 0.101777 -0.849951  0.516939   665.245
 0.965424  0.209749  0.154793       450
-0.239994  0.483311  0.841911  -347.563
0.0859201   -0.8562  0.509449   665.854
 0.968895  0.190918  0.157457       450
-0.232078  0.480074  0.845972  -347.003
0.0870539 -0.855961  0.509659   636.143
 0.965994  0.197563  0.166804       450
-0.243467  0.477807  0.844052   -377.53
0.0771769 -0.858908  0.506281   614.637
 0.968354  0.185459  0.167017       450
-0.237347  0.477369  0.846041  -414.899
0.0928514 -0.865832  0.491644   600.618
 0.959778  0.209231  0.187213       450
-0.264962  0.454486  0.850434  -449.006
0.0985692 -0.890419  0.444339   614.642
 0.960649  0.201663  0.191013       450
-0.259688  0.408026  0.875258  -431.655
0.0948132 -0.899051  0.427455   625.002
 0.963675  0.190586  0.187102       450
-0.249681  0.394188  0.884463  -417.943
0.0972474 -0.900155  0.424575   636.321
 0.965758  0.188446  0.178326       450
 -0.24053  0.392694  0.887658  -390.774
0.0814223 -0.908016  0.410946   648.216
 0.936648  0.210645  0.279855       450
-0.340677  0.362125  0.867643  -361.974
0.00805982  -0.939395   0.342742    667.752
  0.798778   0.212245   0.562944        450
 -0.601572   0.269237   0.752079   -323.361
  0.230506  -0.972899 -0.0182955    731.522
  0.341623  0.0633062   0.937702        450
 -0.911131  -0.222396   0.346957   -16.4337
  0.379332  -0.916315  -0.128355    717.639
  0.232991 -0.0396564    0.97167        450
 -0.895445  -0.398491    0.19845    101.013
 0.485694 -0.872728 -0.049474   695.227
 0.184793 0.0471934  0.981644       450
-0.854373 -0.485921  0.184195   167.268
  0.536724  -0.842887 -0.0383197    672.415
   0.18828  0.0753732   0.979219        450
 -0.822483  -0.532785   0.199153    206.952
-0.0738924  -0.990503   0.115951    715.584
  0.243936  0.0947851   0.965148        450
 -0.966972  0.0996017   0.234615   -240.341
-0.252239 -0.946218    0.2026   670.535
 0.274636  0.130759  0.952616       450
-0.927874  0.295929  0.226883  -368.565
-0.274342 -0.940642  0.199822    678.95
 0.259384  0.127708  0.957293       450
-0.925989  0.314457  0.208952  -355.257
-0.343302  -0.91978  0.190126   659.274
 0.223244  0.116718  0.967749       450
-0.912308  0.374675  0.165266  -408.248
-0.379542 -0.903345  0.199789    639.04
  0.21708  0.122965  0.968378       450
-0.899347   0.41091  0.149428   -437.51
-0.381166 -0.901553  0.204732   633.124
 0.235311  0.119549   0.96454       450
-0.894059  0.415826  0.166577   -432.88
-0.350029 -0.905952  0.238182   621.985
  0.24583  0.156515  0.956593       450
-0.903907  0.393388  0.167925  -400.332
-0.315821 -0.919276  0.234924    608.34
 0.272999  0.149086  0.950392       450
-0.908696  0.364288  0.203877  -357.627
-0.289345 -0.931255  0.221456   585.672
 0.277696  0.139739  0.950451       450
-0.916059  0.336506  0.218173   -323.17
 -0.27876 -0.940031  0.196555   580.531
 0.266361  0.120959  0.956254       450
-0.922683   0.31892  0.216669  -302.223
-0.290536 -0.937224  0.192875   572.791
 0.268858  0.113491   0.95647       450
-0.918316  0.329745  0.219007  -285.461
-0.283934 -0.939542   0.19142   570.552
  0.27923  0.109962  0.953907       450
-0.917285  0.324297  0.231126  -291.883
 -0.23884 -0.953636  0.183125   617.583
 0.268216   0.11646  0.956293       450
-0.933282  0.277518  0.227965  -301.545
 0.184293 -0.976399 -0.112611   673.384
 0.242932 -0.065768  0.967811       450
-0.952376 -0.205718  0.225078  -10.3692
  0.211425  -0.968339  -0.132738    672.529
  0.243232 -0.0794081   0.966712        450
 -0.946646  -0.236673   0.218742    8.98461
-0.212078 -0.962592  0.168641   632.127
  0.26235  0.110153  0.958665       450
 -0.94138  0.247555  0.229175  -278.057
